a0 0 0 25 25 25 25 0
a0 0 1 25 25 25 25 0
a0 0 2 25 25 25 25 0
a0 0 3 25 25 25 25 0
a0 0 4 25 25 25 25 0
a0 0 5 25 25 25 25 0
a0 0 6 25 25 25 25 0
a0 0 7 25 25 25 25 0
a0 0 8 25 25 25 25 0
a0 0 9 25 25 25 25 0
a0 1 0 25 25 25 25 0
a0 1 1 0 100 0 0 0
a0 1 2 25 25 25 25 0
a0 1 3 25 25 25 25 0
a0 1 4 25 25 25 25 0
a0 1 5 25 25 25 25 0
a0 1 6 25 25 25 25 0
a0 1 7 25 25 25 25 0
a0 1 8 25 25 25 25 0
a0 1 9 25 25 25 25 0
a0 2 0 25 25 25 25 0
a0 2 1 0 100 0 0 0
a0 2 2 100 0 0 0 0
a0 2 3 25 25 25 25 0
a0 2 4 25 25 25 25 0
a0 2 5 25 25 25 25 0
a0 2 6 25 25 25 25 0
a0 2 7 25 25 25 25 0
a0 2 8 25 25 25 25 0
a0 2 9 25 25 25 25 0
a0 3 0 25 25 25 25 0
a0 3 1 0 100 0 0 0
a0 3 2 0 50 0 50 0
a0 3 3 25 25 25 25 0
a0 3 4 25 25 25 25 0
a0 3 5 25 25 25 25 0
a0 3 6 25 25 25 25 0
a0 3 7 25 25 25 25 0
a0 3 8 25 25 25 25 0
a0 3 9 25 25 25 25 0
a0 4 0 25 25 25 25 0
a0 4 1 0 0 100 0 0
a0 4 2 0 0 0 100 0
a0 4 3 25 25 25 25 0
a0 4 4 25 25 25 25 0
a0 4 5 25 25 25 25 0
a0 4 6 25 25 25 25 0
a0 4 7 25 25 25 25 0
a0 4 8 25 25 25 25 0
a0 4 9 25 25 25 25 0
a0 5 0 25 25 25 25 0
a0 5 1 25 25 25 25 0
a0 5 2 25 25 25 25 0
a0 5 3 25 25 25 25 0
a0 5 4 25 25 25 25 0
a0 5 5 25 25 25 25 0
a0 5 6 25 25 25 25 0
a0 5 7 25 25 25 25 0
a0 5 8 25 25 25 25 0
a0 5 9 25 25 25 25 0
a0 6 0 25 25 25 25 0
a0 6 1 25 25 25 25 0
a0 6 2 25 25 25 25 0
a0 6 3 25 25 25 25 0
a0 6 4 25 25 25 25 0
a0 6 5 25 25 25 25 0
a0 6 6 25 25 25 25 0
a0 6 7 25 25 25 25 0
a0 6 8 25 25 25 25 0
a0 6 9 25 25 25 25 0
a0 7 0 25 25 25 25 0
a0 7 1 25 25 25 25 0
a0 7 2 25 25 25 25 0
a0 7 3 25 25 25 25 0
a0 7 4 25 25 25 25 0
a0 7 5 25 25 25 25 0
a0 7 6 25 25 25 25 0
a0 7 7 25 25 25 25 0
a0 7 8 25 25 25 25 0
a0 7 9 25 25 25 25 0
a0 8 0 25 25 25 25 0
a0 8 1 25 25 25 25 0
a0 8 2 25 25 25 25 0
a0 8 3 25 25 25 25 0
a0 8 4 25 25 25 25 0
a0 8 5 25 25 25 25 0
a0 8 6 25 25 25 25 0
a0 8 7 25 25 25 25 0
a0 8 8 25 25 25 25 0
a0 8 9 25 25 25 25 0
a0 9 0 25 25 25 25 0
a0 9 1 25 25 25 25 0
a0 9 2 25 25 25 25 0
a0 9 3 25 25 25 25 0
a0 9 4 25 25 25 25 0
a0 9 5 25 25 25 25 0
a0 9 6 25 25 25 25 0
a0 9 7 25 25 25 25 0
a0 9 8 25 25 25 25 0
a0 9 9 25 25 25 25 0

a1 0 0 25 25 25 25 0
a1 0 1 25 25 25 25 0
a1 0 2 25 25 25 25 0
a1 0 3 25 25 25 25 0
a1 0 4 25 25 25 25 0
a1 0 5 25 25 25 25 0
a1 0 6 25 25 25 25 0
a1 0 7 25 25 25 25 0
a1 0 8 25 25 25 25 0
a1 0 9 25 25 25 25 0
a1 1 0 25 25 25 25 0
a1 1 1 25 25 25 25 0
a1 1 2 0 100 0 0 0
a1 1 3 25 25 25 25 0
a1 1 4 25 25 25 25 0
a1 1 5 25 25 25 25 0
a1 1 6 25 25 25 25 0
a1 1 7 25 25 25 25 0
a1 1 8 25 25 25 25 0
a1 1 9 25 25 25 25 0
a1 2 0 25 25 25 25 0
a1 2 1 25 25 25 25 0
a1 2 2 0 100 0 0 0
a1 2 3 0 0 100 0 0
a1 2 4 0 100 0 0 0
a1 2 5 25 25 25 25 0
a1 2 6 25 25 25 25 0
a1 2 7 25 25 25 25 0
a1 2 8 25 25 25 25 0
a1 2 9 25 25 25 25 0
a1 3 0 25 25 25 25 0
a1 3 1 25 25 25 25 0
a1 3 2 0 100 0 0 0
a1 3 3 0 0 0 100 0
a1 3 4 0 100 0 0 0
a1 3 5 25 25 25 25 0
a1 3 6 25 25 25 25 0
a1 3 7 25 25 25 25 0
a1 3 8 25 25 25 25 0
a1 3 9 25 25 25 25 0
a1 4 0 25 25 25 25 0
a1 4 1 25 25 25 25 0
a1 4 2 0 0 100 0 0
a1 4 3 0 0 0 100 0
a1 4 4 0 100 0 0 0
a1 4 5 25 25 25 25 0
a1 4 6 25 25 25 25 0
a1 4 7 25 25 25 25 0
a1 4 8 25 25 25 25 0
a1 4 9 25 25 25 25 0
a1 5 0 25 25 25 25 0
a1 5 1 25 25 25 25 0
a1 5 2 25 25 25 25 0
a1 5 3 25 25 25 25 0
a1 5 4 0 100 0 0 0
a1 5 5 25 25 25 25 0
a1 5 6 25 25 25 25 0
a1 5 7 25 25 25 25 0
a1 5 8 25 25 25 25 0
a1 5 9 25 25 25 25 0
a1 6 0 25 25 25 25 0
a1 6 1 25 25 25 25 0
a1 6 2 25 25 25 25 0
a1 6 3 25 25 25 25 0
a1 6 4 25 25 25 25 0
a1 6 5 25 25 25 25 0
a1 6 6 25 25 25 25 0
a1 6 7 25 25 25 25 0
a1 6 8 25 25 25 25 0
a1 6 9 25 25 25 25 0
a1 7 0 25 25 25 25 0
a1 7 1 25 25 25 25 0
a1 7 2 25 25 25 25 0
a1 7 3 25 25 25 25 0
a1 7 4 25 25 25 25 0
a1 7 5 25 25 25 25 0
a1 7 6 25 25 25 25 0
a1 7 7 25 25 25 25 0
a1 7 8 25 25 25 25 0
a1 7 9 25 25 25 25 0
a1 8 0 25 25 25 25 0
a1 8 1 25 25 25 25 0
a1 8 2 25 25 25 25 0
a1 8 3 25 25 25 25 0
a1 8 4 25 25 25 25 0
a1 8 5 25 25 25 25 0
a1 8 6 25 25 25 25 0
a1 8 7 25 25 25 25 0
a1 8 8 25 25 25 25 0
a1 8 9 25 25 25 25 0
a1 9 0 25 25 25 25 0
a1 9 1 25 25 25 25 0
a1 9 2 25 25 25 25 0
a1 9 3 25 25 25 25 0
a1 9 4 25 25 25 25 0
a1 9 5 25 25 25 25 0
a1 9 6 25 25 25 25 0
a1 9 7 25 25 25 25 0
a1 9 8 25 25 25 25 0
a1 9 9 25 25 25 25 0

o 0 0 0 88 12 0 0
o 0 1 56 5 37 2 0
o 0 2 6 1 81 12 0
o 0 3 84 6 10 0 0
o 0 4 19 44 0 37 0
o 0 5 63 35 0 2 0
o 0 6 9 16 75 0 0
o 0 7 83 4 8 5 0
o 0 8 7 18 27 48 0
o 0 9 23 32 42 3 0
o 1 0 43 30 4 23 0
o 1 1 5 11 63 21 0
o 1 2 13 17 35 35 0
o 1 3 30 53 2 15 0
o 1 4 1 54 11 34 0
o 1 5 1 1 40 58 0
o 1 6 30 44 10 16 0
o 1 7 3 4 89 4 0
o 1 8 23 72 0 5 0
o 1 9 40 2 19 39 0
o 2 0 14 14 67 5 0
o 2 1 15 6 20 59 0
o 2 2 19 51 16 14 0
o 2 3 57 42 1 0 0
o 2 4 7 35 13 45 0
o 2 5 33 7 4 56 0
o 2 6 18 9 51 22 0
o 2 7 98 2 0 0 0
o 2 8 12 9 64 15 0
o 2 9 12 65 19 4 0
o 3 0 2 12 6 80 0
o 3 1 22 47 28 3 0
o 3 2 8 45 37 10 0
o 3 3 3 21 12 64 0
o 3 4 12 52 13 23 0
o 3 5 16 1 62 21 0
o 3 6 9 4 70 17 0
o 3 7 17 37 31 15 0
o 3 8 19 10 13 58 0
o 3 9 65 24 0 11 0
o 4 0 31 17 52 0 0
o 4 1 14 20 10 56 0
o 4 2 8 36 12 44 0
o 4 3 33 52 5 10 0
o 4 4 18 82 0 0 0
o 4 5 53 4 38 5 0
o 4 6 5 4 57 34 0
o 4 7 63 18 17 2 0
o 4 8 34 51 7 8 0
o 4 9 16 6 75 3 0
o 5 0 38 8 2 52 0
o 5 1 6 10 17 67 0
o 5 2 47 18 23 12 0
o 5 3 50 22 20 8 0
o 5 4 74 14 4 8 0
o 5 5 0 1 1 98 0
o 5 6 18 7 5 70 0
o 5 7 24 28 46 2 0
o 5 8 70 9 19 2 0
o 5 9 20 37 19 24 0
o 6 0 3 74 7 16 0
o 6 1 25 62 1 12 0
o 6 2 10 46 11 33 0
o 6 3 17 66 5 12 0
o 6 4 9 12 69 10 0
o 6 5 1 10 62 27 0
o 6 6 15 35 42 8 0
o 6 7 4 1 62 33 0
o 6 8 36 8 23 33 0
o 6 9 18 39 15 28 0
o 7 0 6 8 15 71 0
o 7 1 12 62 5 21 0
o 7 2 5 31 12 52 0
o 7 3 1 1 47 51 0
o 7 4 17 34 43 6 0
o 7 5 34 33 10 23 0
o 7 6 11 11 41 37 0
o 7 7 45 47 2 6 0
o 7 8 6 4 6 84 0
o 7 9 3 30 33 34 0
o 8 0 40 14 16 30 0
o 8 1 24 16 35 25 0
o 8 2 9 26 55 10 0
o 8 3 21 37 4 38 0
o 8 4 21 11 68 0 0
o 8 5 57 40 2 1 0
o 8 6 14 77 7 2 0
o 8 7 72 16 0 12 0
o 8 8 79 7 9 5 0
o 8 9 54 17 28 1 0
o 9 0 80 3 7 10 0
o 9 1 1 76 11 12 0
o 9 2 82 8 5 5 0
o 9 3 42 2 38 18 0
o 9 4 44 30 24 2 0
o 9 5 7 26 33 34 0
o 9 6 11 12 6 71 0
o 9 7 7 18 28 47 0
o 9 8 77 5 17 1 0
o 9 9 12 4 19 65 0

