0 0 57 28 14 1 0
0 1 15 33 23 29 0
0 2 45 41 5 9 0
0 3 16 78 4 2 0
0 4 12 14 64 10 0
0 5 63 27 1 9 0
0 6 72 8 8 12 0
0 7 3 18 48 31 0
0 8 12 14 56 18 0
0 9 1 68 24 7 0
1 0 31 3 16 50 0
1 1 33 10 11 46 0
1 2 2 79 15 4 0
1 3 8 3 48 41 0
1 4 2 45 33 20 0
1 5 26 25 18 31 0
1 6 21 37 41 1 0
1 7 2 10 84 4 0
1 8 4 74 4 18 0
1 9 11 12 73 4 0
2 0 0 2 84 14 0
2 1 48 21 8 23 0
2 2 30 7 19 44 0
2 3 0 1 95 4 0
2 4 7 84 7 2 0
2 5 10 2 44 44 0
2 6 89 9 0 2 0
2 7 3 5 66 26 0
2 8 11 18 20 51 0
2 9 19 31 34 16 0
3 0 1 11 49 39 0
3 1 47 28 25 0 0
3 2 13 61 0 26 0
3 3 81 5 11 3 0
3 4 55 23 17 5 0
3 5 67 30 2 1 0
3 6 13 77 8 2 0
3 7 32 17 24 27 0
3 8 24 44 13 19 0
3 9 60 35 5 0 0
4 0 74 20 6 0 0
4 1 22 2 2 74 0
4 2 18 40 26 16 0
4 3 53 34 1 12 0
4 4 14 57 9 20 0
4 5 10 31 53 6 0
4 6 11 26 22 41 0
4 7 21 31 43 5 0
4 8 3 47 20 30 0
4 9 23 15 47 15 0
5 0 74 15 6 5 0
5 1 5 13 38 44 0
5 2 57 12 6 25 0
5 3 54 7 26 13 0
5 4 71 2 12 15 0
5 5 32 36 4 28 0
5 6 3 1 73 23 0
5 7 37 49 1 13 0
5 8 3 67 15 15 0
5 9 31 64 5 0 0
6 0 34 2 18 46 0
6 1 41 48 10 1 0
6 2 4 10 57 29 0
6 3 34 26 30 10 0
6 4 46 3 14 37 0
6 5 26 74 0 0 0
6 6 20 12 23 45 0
6 7 31 38 6 25 0
6 8 34 32 30 4 0
6 9 16 8 68 8 0
7 0 14 32 14 40 0
7 1 0 9 57 34 0
7 2 74 3 9 14 0
7 3 11 54 31 4 0
7 4 6 62 10 22 0
7 5 30 11 56 3 0
7 6 9 18 67 6 0
7 7 22 55 22 1 0
7 8 9 16 0 75 0
7 9 2 6 19 73 0
8 0 19 45 32 4 0
8 1 1 5 74 20 0
8 2 10 10 32 48 0
8 3 57 10 8 25 0
8 4 37 29 24 10 0
8 5 44 45 8 3 0
8 6 0 37 4 59 0
8 7 41 34 16 9 0
8 8 9 18 36 37 0
8 9 0 3 45 52 0
9 0 11 65 17 7 0
9 1 4 1 47 48 0
9 2 32 38 19 11 0
9 3 37 28 17 18 0
9 4 0 1 63 36 0
9 5 54 14 9 23 0
9 6 28 43 3 26 0
9 7 0 7 35 58 0
9 8 6 11 25 58 0
9 9 9 53 4 34 0
